2 0 0 4
2 0 0.5 4
2 0 10 2
3 0 0 4
3 0 0.5 3
3 0 10 1
4 0 0 2
4 0 0.5 2
4 0 10 3

6 0 0 3
6 0 0.5 3
6 0 10 4
7 0 0 3
7 0 0.5 4
7 0 10 2
8 0 0 1
8 0 0.5 4
8 0 10 1
9 0 0 3
9 0 0.5 3
9 0 10 2
10 0 0 2
10 0 0.5 2
10 0 10 1
11 0 0 3
11 0 0.5 4
11 0 10 2
12 0 0 2
12 0 0.5 3
12 0 10 3
13 0 0 2
13 0 0.5 3
13 0 10 2
14 0 0 2
14 0 0.5 2
14 0 10 1
15 0 0 3
15 0 0.5 4
15 0 10 2
18 0 0 3
18 0 0.5 4
18 0 10 2
19 0 0 3
19 0 0.5 5
19 0 10 1
21 0 0 3
21 0 0.5 3
21 0 10 2
22 0 0 3
22 0 0.5 2
22 0 10 1
25 0 0 4
25 0 0.5 4
25 0 10 3
26 0 0 2
26 0 0.5 3
26 0 10 2
27 0 0 3
27 0 0.5 3
27 0 10 2
28 0 0 1
28 0 0.5 3
28 0 10 3
29 0 0 2
29 0 0.5 3
29 0 10 3
32 0 0 3
32 0 0.5 3
32 0 10 3
34 0 0 1
34 0 0.5 1
34 0 10 1
35 0 0 3
35 0 0.5 2
35 0 10 2
36 0 0 2
36 0 0.5 3
36 0 10 2
37 0 0 3
37 0 3 2
37 0 5 2
38 0 0 4
38 0 3 3
38 0 5 2
39 0 0 3
39 0 3 3
39 0 5 2
