3 0 0 3
3 0 0.5 2
3 0 10 3
4 0 0 4
4 0 0.5 2
4 0 10 3
5 0 0 5
5 0 0.5 4
5 0 10 5
6 0 0 3
6 0 0.5 2
6 0 10 2
7 0 0 4
7 0 0.5 4
7 0 10 2

8 0 0 3
8 0 0.5 2
8 0 10 1
9 0 0 3
9 0 0.5 2
9 0 10 4
10 0 0 5
10 0 0.5 5
10 0 10 5
11 0 0 4
11 0 0.5 2
11 0 10 5
12 0 0 3
12 0 0.5 2
12 0 10 3
13 0 0 5
13 0 0.5 5
13 0 10 4
15 0 0 2
15 0 0.5 2
15 0 10 3
18 0 0 4
18 0 0.5 2
18 0 10 3
19 0 0 3
19 0 0.5 2
19 0 10 3
20 0 0 4
20 0 0.5 3
20 0 10 5
21 0 0 3
21 0 0.5 2
21 0 10 3
22 0 0 4
22 0 0.5 3
22 0 10 3
23 0 0 2
23 0 0.5 1
23 0 10 3
24 0 0 2
24 0 0.5 2
24 0 10 2
25 0 0 5
25 0 0.5 4
25 0 10 5
26 0 0 4
26 0 0.5 3
26 0 10 5
27 0 0 4
27 0 0.5 3
27 0 10 3
28 0 0 4
28 0 0.5 3
28 0 10 4
29 0 0 3
29 0 0.5 2
29 0 10 4
30 0 0 3
30 0 0.5 2
30 0 10 4
31 0 0 2
31 0 0.5 2
31 0 10 3
32 0 0 3
32 0 0.5 2
32 0 10 4
33 0 0 4
33 0 0.5 3
33 0 10 4
