2 0 0 4
2 0 0.5 4
2 0 10 2
3 0 0 4
3 0 0.5 3
3 0 10 1
4 0 0 2
4 0 0.5 2
4 0 10 3

6 0 0 3
6 0 0.5 3
6 0 10 4
7 0 0 3
7 0 0.5 4
7 0 10 2
8 0 0 1
8 0 0.5 4
8 0 10 1
9 0 0 3
9 0 0.5 3
9 0 10 2
10 0 0 2
10 0 0.5 2
10 0 10 1
11 0 0 3
11 0 0.5 4
11 0 10 2
12 0 0 2
12 0 0.5 3
12 0 10 3
13 0 0 2
13 0 0.5 3
13 0 10 2
14 0 0 2
14 0 0.5 2
14 0 10 1
15 0 0 3
15 0 0.5 4
15 0 10 2
18 0 0 3
18 0 0.5 4
18 0 10 2
19 0 0 3
19 0 0.5 5
19 0 10 1
21 0 0 3
21 0 0.5 3
21 0 10 2
22 0 0 3
22 0 0.5 2
22 0 10 1
25 0 0 4
25 0 0.5 4
25 0 10 3
