1  1 1 1 1 2 3 2 3 1 1 1 1 1 3 6
2  1 1 3 3 4 3 1 5 1 1 2 5 2 2 6
3  1 1 1 1 5 3 1 2 2 1 1 2 1 3 6
4  1 1 1 1 5 2 4 5 1 1 2 5 2 2 1
5  1 1 3 3 4 3 1 2 1 1 1 1 2 6 1
6  3 4 4 4 4 1 4 4 4 3 3 3 3 5 5
7  1 1 1 2 3 2 5 5 1 1 2 3 1 2 1
8  1 1 1 1 3 3 5 5 1 1 1 1 1 2 6
9  1 1 1 2 3 3 2 5 1 1 1 3 1 3 6
10  1 1 2 2 5 2 2 5 1 1 2 5 2 3 1
11  1 1 1 1 3 3 1 3 1 1 1 2 2 3 1
12  1 1 1 1 3 3 1 3 1 1 2 5 1 3 3
13  1 1 2 2 2 3 1 1 1 1 1 1 1 2 6
14  1 1 1 1 5 3 2 5 1 1 1 5 1 2 6
15  1 1 1 1 3 3 4 5 1 1 1 1 1 3 1
16  1 1 1 2 4 3 4 5 1 1 1 5 1 2 1
