1  1 1 1 2 3 3 2 3 1 1 1 2 1 2 6
2  1 1 1 1 5 3 2 5 1 1 1 5 2 3 6
3  1 1 1 1 5 3 3 5 2 1 2 2 1 2 6
4  1 1 1 1 5 3 2 4 1 1 1 1 1 3 3
5  1 1 1 1 5 2 2 3 1 1 1 3 1 2 1

6  1 1 2 2 3 2 2 2 1 1 1 5 2 2 6
7  1 1 1 1 1 2 1 1 1 1 1 1 1 2 2
8  1 1 3 3 3 3 5 5 1 1 1 5 2 2 1
9  1 1 3 3 4 3 4 4 1 1 1 2 1 2 6
10  1 1 1 1 3 3 1 5 1 1 1 5 1 3 1
11  1 1 1 1 3 3 2 5 1 1 1 5 1 2 6
12  1 1 1 3 4 1 4 4 1 1 1 1 2 2 1
13  1 1 1 1 5 3 3 3 3 2 2 5 1 2 6
14  1 1 3 4 5 3 1 2 1 2 2 5 2 2 6
15  1 1 3 3 5 3 5 5 2 2 1 5 2 2 6
16  1 1 1 3 2 2 5 3 2 1 2 5 2 4 1
17  1 1 1 1 1 2
18  1 1 1 1 4 3 1 3 2 1 2 1 1 2 6
19  1 1 1 1 3 2 5 5 1 1 1 5 1 2 2
20  1 1 1 1 2 3 3 5 1 1 1 1 2 2 6
21  1 1 2 2 5 3 1 5 1 1 1 5 2 2 3
22  1 1 1 1 4 2 1 2 1 1 1 1 1 2 6
23  1 1 1 2 2 1 1 2 1 1 1 1 2 3 1
24  1 1 1 1 2 2 3 2 1 1 1 2 2 2 6
25 
26  1 1 1 1 3 1 2 1 1 1 1 1 2 5 1
27  1 1 1 1 2 3 2 3 2 1 1 5 1 2 6
28  1 1 3 4 4 3 3 3 1 1 1 2 2 6 6
29  1 1 1 1 2 3 3 2 1 1 1 5 2 2 1
30  1 1 2 2 3 3 5 5 1 1 1 1 1 1 6
31  5 5 5 2 2 1 2 3 3 1 1 1 1 2 6
32  1 1 1 2 5 2 1 5 2 2 2 5 2 2 1
33  1 1 1 1 5 2 3 5 2 1 1 1 1 2 6
34  1 1 4 4 5 3 3 5 1 1 1 1 2 2 6
35  1 1 1 1 2 3 2 2 1 1 2 5 2 2 1
36  1 1 1 2 3 3 1 5 1 1 2 5 1 3 6
37  1 1 1 2 5 2 2 5 1 1 1 1 1 2 1
38  1 1 1 1 2 3 1 5 1 1 1 1 1 3 6
39  1 1 2 2 3 4 1 3 1 1 2 1 1 6 4
