2 0 0 3
2 0 0.01 3
2 0 10 2
3 0 0 4
3 0 0.01 5
3 0 10 1
4 0 0 2
4 0 0.01 2
4 0 10 2
5 0 0 5
5 0 0.01 5
5 0 10 5
6 0 0 3
6 0 0.01 3
6 0 10 2
7 0 0 5
7 0 0.01 5
7 0 10 3

8 0 0 4
8 0 0.5 2
8 0 10 1
9 0 0 2
9 0 0.5 2
9 0 10 3
10 0 0 5
10 0 0.5 4
10 0 10 5
11 0 0 3
11 0 0.5 3
11 0 10 1
12 0 0 3
12 0 0.5 3
12 0 10 2
13 0 0 4
13 0 0.5 4
13 0 10 1
15 0 0 3
15 0 0.5 2
15 0 10 1
16 0 0 5
16 0 0.5 3
16 0 10 4
18 0 0 4
18 0 0.5 3
18 0 10 2
19 0 0 1
19 0 0.5 1
19 0 10 2
20 0 0 3
20 0 0.5 3
20 0 10 1
21 0 0 3
21 0 0.5 3
21 0 10 1
22 0 0 3
22 0 0.5 2
22 0 10 3
23 0 0 3
23 0 0.5 4
23 0 10 3
24 0 0 1
24 0 0.5 1
24 0 10 1
25 0 0 4
25 0 0.5 3
25 0 10 3
26 0 0 2
26 0 0.5 1
26 0 10 3
27 0 0 4
27 0 0.5 5
27 0 10 4
28 0 0 2
28 0 0.5 2
28 0 10 2
29 0 0 3
29 0 0.5 2
29 0 10 2
30 0 0 3
30 0 0.5 4
30 0 10 1
31 0 0 4
31 0 0.5 2
31 0 10 2
32 0 0 4
32 0 0.5 3
32 0 10 3
33 0 0 4
33 0 0.5 3
33 0 10 3
