2 0 0 3
2 0 3 1
2 0 5 2
3 0 0 3
3 0 3 4
3 0 5 2
4 0 0 3
4 0 3 2
4 0 5 2
5 0 0 4
5 0 3 4
5 0 5 4
6 0 0 4
6 0 3 3
6 0 5 3
7 0 0 5
7 0 3 3
7 0 5 3
8 0 0 4
8 0 3 4
8 0 5 4
9 0 0 3
9 0 3 2
9 0 5 1
10 0 0 2
10 0 3 2
10 0 5 2
11 0 0 3
11 0 3 4
11 0 5 2
12 0 0 3
12 0 3 2
12 0 5 3
13 0 0 2
13 0 3 2
13 0 5 1
14 0 0 3
14 0 3 2
14 0 5 1
15 0 0 2
15 0 3 2
15 0 5 3
17 0 0 4
17 0 3 1
17 0 5 4
18 0 0 2
18 0 3 2
18 0 5 3
19 0 0 3
19 0 3 2
19 0 5 1
20 0 0 3
20 0 3 3
20 0 5 3
21 0 0 3
21 0 3 3
21 0 5 2
22 0 0 3
22 0 3 4
22 0 5 5
23 0 0 5
23 0 3 4
23 0 5 3
25 0 0 3
25 0 3 2
25 0 5 3
26 0 0 2
26 0 3 1
26 0 5 2
27 0 0 2
27 0 3 2
27 0 5 3
28 0 0 2
28 0 3 1
28 0 5 2
29 0 0 3
29 0 3 2
29 0 5 2
32 0 0 3
32 0 3 3
32 0 5 3
33 0 0 3
33 0 3 2
33 0 5 2
34 0 0 4
34 0 3 3
34 0 5 2
35 0 0 2
35 0 3 1
35 0 5 2
36 0 0 2
36 0 3 2
36 0 5 2
37 0 0 3
37 0 3 2
37 0 5 2
38 0 0 3
38 0 3 1
38 0 5 1
39 0 0 3
39 0 3 2
39 0 5 2
2 0 0 3
2 0 0.01 3
2 0 10 2
3 0 0 4
3 0 0.01 5
3 0 10 1
4 0 0 2
4 0 0.01 2
4 0 10 2
5 0 0 5
5 0 0.01 5
5 0 10 5
6 0 0 3
6 0 0.01 3
6 0 10 2
7 0 0 5
7 0 0.01 5
7 0 10 3

8 0 0 4
8 0 0.5 2
8 0 10 1
9 0 0 2
9 0 0.5 2
9 0 10 3
10 0 0 5
10 0 0.5 4
10 0 10 5
11 0 0 3
11 0 0.5 3
11 0 10 1
12 0 0 3
12 0 0.5 3
12 0 10 2
13 0 0 4
13 0 0.5 4
13 0 10 1
15 0 0 3
15 0 0.5 2
15 0 10 1
16 0 0 5
16 0 0.5 3
16 0 10 4
18 0 0 4
18 0 0.5 3
18 0 10 2
19 0 0 1
19 0 0.5 1
19 0 10 2
20 0 0 3
20 0 0.5 3
20 0 10 1
21 0 0 3
21 0 0.5 3
21 0 10 1
22 0 0 3
22 0 0.5 2
22 0 10 3
23 0 0 3
23 0 0.5 4
23 0 10 3
24 0 0 1
24 0 0.5 1
24 0 10 1
25 0 0 4
25 0 0.5 3
25 0 10 3
26 0 0 2
26 0 0.5 1
26 0 10 3
27 0 0 4
27 0 0.5 5
27 0 10 4
28 0 0 2
28 0 0.5 2
28 0 10 2
29 0 0 3
29 0 0.5 2
29 0 10 2
30 0 0 3
30 0 0.5 4
30 0 10 1
31 0 0 4
31 0 0.5 2
31 0 10 2
32 0 0 4
32 0 0.5 3
32 0 10 3
33 0 0 4
33 0 0.5 3
33 0 10 3
