2 0 0 5
2 0 3 5
2 0 5 5
3 0 0 5
3 0 3 4
3 0 5 4
4 0 0 3
4 0 3 2
4 0 5 2
5 0 0 4
5 0 3 4
5 0 5 3
6 0 0 4
6 0 3 4
6 0 5 5
7 0 0 5
7 0 3 4
7 0 5 3
8 0 0 5
8 0 3 5
8 0 5 5
1 0 0 4
1 0 3 5
1 0 5 4
2 0 0 5
2 0 3 2
2 0 5 1
3 0 0 5
3 0 3 4
3 0 5 5
4 0 0 4
4 0 3 4
4 0 5 2
5 0 0 4
5 0 3 4
5 0 5 4
6 0 0 5
6 0 3 3
6 0 5 3
7 0 0 5
7 0 3 3
7 0 5 3
8 0 0 4
8 0 3 4
8 0 5 4
1 0 0 5
1 0 3 4
1 0 5 4
2 0 0 3
2 0 3 3
2 0 5 3
3 0 0 4
3 0 3 5
3 0 5 5
4 0 0 5
4 0 3 5
4 0 5 5
5 0 0 4
5 0 3 5
5 0 5 5
6 0 0 5
6 0 3 4
6 0 5 2
7 0 0 5
7 0 3 4
7 0 5 4
8 0 0 4
8 0 3 4
8 0 5 3
9 0 0 5
9 0 3 2
9 0 5 2
10 0 0 4
10 0 3 3
10 0 5 2
11 0 0 4
11 0 3 4
11 0 5 4
12 0 0 4
12 0 3 4
12 0 5 1
13 0 0 5
13 0 3 4
13 0 5 5
14 0 0 5
14 0 3 5
14 0 5 5
15 0 0 3
15 0 3 2
15 0 5 3
1 0 0 5
1 0 3 2
1 0 5 3
2 0 0 3
2 0 3 3
2 0 5 2
3 0 0 4
3 0 3 4
3 0 5 4
4 0 0 5
4 0 3 5
4 0 5 5
5 0 0 4
5 0 3 5
5 0 5 5
6 0 0 4
6 0 3 4
7 0 5 5
8 0 0 4
8 0 3 5
8 0 5 5
9 0 0 5
9 0 3 3
9 0 5 3
10 0 0 5
10 0 3 3
10 0 5 2
11 0 0 5
11 0 3 3
11 0 5 3
12 0 0 5
12 0 3 5
12 0 5 2
13 0 0 4
13 0 3 4
13 0 5 4
14 0 0 4
14 0 3 1
14 0 5 4
15 0 0 5
15 0 3 5
15 0 5 3
2 0 0 4
2 0 0.5 2
2 0 10 2
3 0 0 5
3 0 0.5 5
3 0 10 3
4 0 0 3
4 0 0.5 3
4 0 10 3
5 0 0 5
5 0 0.5 5
5 0 10 5
6 0 0 5
6 0 0.5 5
6 0 10 3
7 0 0 5
7 0 0.5 5
7 0 10 5
8 0 0 4
8 0 0.5 4
8 0 10 2
9 0 0 4
9 0 0.5 4
9 0 10 3
10 0 0 4
10 0 0.5 4
10 0 10 5
11 0 0 5
11 0 0.5 4
11 0 10 2
12 0 0 5
12 0 0.5 5
12 0 10 4
13 0 0 5
13 0 0.5 5
13 0 10 3
15 0 0 4
15 0 0.5 3
15 0 10 2
16 0 0 4
16 0 0.5 3
16 0 10 4
17 0 0 4
17 0 0.5 3
17 0 10 3
18 0 0 5
18 0 0.5 5
18 0 10 3
19 0 0 5
19 0 0.5 4
19 0 10 4
20 0 0 5
20 0 0.5 5
20 0 10 5
21 0 0 5
21 0 0.5 4
21 0 10 4
22 0 0 4
22 0 0.5 4
22 0 10 5
23 0 0 4
23 0 0.5 4
23 0 10 3
24 0 0 4
24 0 0.5 4
24 0 10 4
25 0 0 5
25 0 0.5 5
25 0 10 3
26 0 0 5
26 0 0.5 4
26 0 10 1
27 0 0 5
27 0 0.5 5
27 0 10 5
28 0 0 5
28 0 0.5 5
28 0 10 5
29 0 0 5
29 0 0.5 5
29 0 10 2
30 0 0 3
30 0 0.5 3
30 0 10 4
31 0 0 4
31 0 0.5 3
31 0 10 3
32 0 0 4
32 0 0.5 5
32 0 10 5
33 0 0 4
33 0 0.5 4
33 0 10 3
