1 0 0 2
1 0 3 1
1 0 5 1
2 0 0 2
2 0 3 1
2 0 5 3
3 0 0 4
3 0 3 2
3 0 5 4
3 0 0 4
3 0 3 1
3 0 5 3
4 0 0 4
4 0 3 2
4 0 5 3
5 0 0 5
5 0 3 2
5 0 5 4

6 0 0 5
6 0 3 2
6 0 5 3
7 0 0 4
7 0 3 2
7 0 5 5
8 0 0 5
8 0 3 2
8 0 5 4
9 0 0 3
9 0 3 2
9 0 5 4
10 0 0 4
10 0 3 1
10 0 5 3
11 0 0 4
11 0 3 2
11 0 5 3
12 0 0 4
12 0 3 2
12 0 5 4
13 0 0 2
13 0 3 1
13 0 5 2
14 0 0 2
14 0 3 1
14 0 5 3
15 0 0 4
15 0 3 2
15 0 5 4
16 0 0 3
16 0 3 1
16 0 5 1
17 0 0 3
17 0 3 1
17 0 5 1
18 0 0 2
18 0 3 1
18 0 5 3
19 0 0 4
19 0 3 1
19 0 5 3
20 0 0 5
20 0 3 2
20 0 5 3
21 0 0 2
21 0 3 1
21 0 5 2
22 0 0 3
22 0 3 1
22 0 5 3
23 0 0 5
23 0 3 1
23 0 5 4
24 0 0 4
24 0 3 2
24 0 5 2
