2 0 0 4
2 0 0.5 2
2 0 10 2
3 0 0 5
3 0 0.5 5
3 0 10 3
4 0 0 3
4 0 0.5 3
4 0 10 3
5 0 0 5
5 0 0.5 5
5 0 10 5
6 0 0 5
6 0 0.5 5
6 0 10 3
7 0 0 5
7 0 0.5 5
7 0 10 5
8 0 0 4
8 0 0.5 4
8 0 10 2
9 0 0 4
9 0 0.5 4
9 0 10 3
10 0 0 4
10 0 0.5 4
10 0 10 5
11 0 0 5
11 0 0.5 4
11 0 10 2
12 0 0 5
12 0 0.5 5
12 0 10 4
13 0 0 5
13 0 0.5 5
13 0 10 3
15 0 0 4
15 0 0.5 3
15 0 10 2
16 0 0 4
16 0 0.5 3
16 0 10 4
17 0 0 4
17 0 0.5 3
17 0 10 3
18 0 0 5
18 0 0.5 5
18 0 10 3
19 0 0 5
19 0 0.5 4
19 0 10 4
20 0 0 5
20 0 0.5 5
20 0 10 5
