1 0 0 5
1 0 0 5
1 0 0.05 3
1 0 1 3
1 50 0 3
1 50 0.05 3
1 50 1 2
1 150 0 1
1 150 0.05 1
1 150 1 1
4 0 0 2
4 0 0 1
4 0 0.05 1
8 0 0 5
8 0 0 4
8 0 0.05 4
8 0 1 4
8 50 0 4
8 50 0.05 4
8 50 1 4
8 150 0 4
8 150 0.05 4
8 150 1 4
9 0 0 5
9 0 0 5
9 0 0.05 5
9 0 1 5
9 50 0 5
9 50 0.05 5
9 50 1 5
9 150 0 5
9 150 0.05 5
9 150 1 2
10 0 0 4
10 0 0 4
10 0 0.05 4
10 0 1 4
10 50 0 3
10 50 0.05 4
10 50 1 4
10 150 0 4
10 150 0.05 4
10 150 1 2
11 0 0 5
11 0 0 5
11 0 0.05 5
11 0 1 5
11 50 0 5
11 50 0.05 5
11 50 1 5
11 150 0 5
11 150 0.05 5
11 150 1 5
12 0 0 3
12 0 0 4
12 0 0.05 4
12 0 1 4
12 50 0 4
12 50 0.05 4
12 50 1 4
12 150 0 4
12 150 0.05 4
12 150 1 4
13 0 0 4
13 0 0 3
13 0 0.05 4
13 0 1 4
13 50 0 3
13 50 0.05 2
13 50 1 2
13 150 0 3
13 150 0.05 3
13 150 1 2
14 0 0 5
14 0 0 5
14 0 0.05 5
14 0 1 1
14 50 0 2
14 50 0.05 1
14 50 1 1
14 150 0 4
14 150 0.05 5
14 150 1 2
15 0 0 5
15 0 0 4
15 0 0.05 4
15 0 1 3
15 50 0 4
15 50 0.05 3
15 50 1 3
15 150 0 3
15 150 0.05 3
15 150 1 3
16 0 0 1
16 0 0 3
16 0 0.05 2
16 0 1 1
16 50 0 2
16 50 0.05 3
16 50 1 2
16 150 0 3
16 150 0.05 3
16 150 1 2
17 0 0 5
17 0 0 5
17 0 0.05 5
17 0 1 5
17 50 0 5
17 50 0.05 5
17 50 1 5
17 150 0 5
17 150 0.05 5
17 150 1 5
18 0 0 5
18 0 0 5
18 0 0.05 3
18 0 1 4
18 50 0 2
18 50 0.05 4
18 50 1 4
18 150 0 5
18 150 0.05 4
18 150 1 4

