1 0 0 4
1 0 0 4
1 0 0.05 4
1 0 1 4
1 50 0 4
1 50 0.05 4
1 50 1 4
1 150 0 4
1 150 0.05 4
1 150 1 4
2 0 0 5
2 0 0 5
2 0 0.05 5
2 0 1 5
2 50 0 5
2 50 0.05 5
2 50 1 5
2 150 0 5
2 150 0.05 5
2 150 1 5
3 0 0 2
3 0 0 2
3 0 0.05 1
3 0 1 2
3 50 0 1
3 50 0.05 1
3 50 1 1
3 150 0 2
3 150 0.05 2
3 150 1 2
4 0 0 3
4 0 0 3
4 0 0.05 3
4 0 1 3
4 50 0 3
4 50 0.05 3
4 50 1 3
4 150 0 3
4 150 0.05 3
4 150 1 3
5 0 0 3
5 0 0 4
5 0 0.05 4
5 0 1 4
5 50 0 4
5 50 0.05 3
5 50 1 4
5 150 0 3
5 150 0.05 4
5 150 1 3 
6 0 0 5
6 0 0 5
6 0 0.05 5
6 0 1 5
6 50 0 4
6 50 0.05 5
6 50 1 5
6 150 0 5
6 150 0.05 5
6 150 1 5
7 0 0 3
7 0 0 3
7 0 0.05 3
7 0 1 4
7 50 0 3
7 50 0.05 4
7 50 1 4
7 150 0 4
7 150 0.05 4
7 150 1 4
8 0 0 4
8 0 0 2
8 0 0.05 4
8 0 1 4
8 50 0 4
8 50 0.05 4
8 50 1 4
8 150 0 4
8 150 0.05 5
8 150 1 5
9 0 0 4
9 0 0 4
9 0 0.05 4
9 0 1 4
9 50 0 4
9 50 0.05 4
9 50 1 4
9 150 0 4
9 150 0.05 4
9 150 1 4
10 0 0 4
10 0 0 4
10 0 0.05 4
10 0 1 4
10 50 0 4
10 50 0.05 4
10 50 1 4
10 150 0 4
10 150 0.05 4
10 150 1 4
11 0 0 5
11 0 0 5
11 0 0.05 4
11 0 1 5
11 50 0 4
11 50 0.05 5
11 50 1 4
11 150 0 5
11 150 0.05 5
11 150 1 4
13 0 0 4
13 0 0 5
13 0 0.05 5
13 0 1 5
13 50 0 5
13 50 0.05 5
13 50 1 5
13 150 0 2
13 150 0.05 1
13 150 1 1
14 0 0 3
14 0 0 4
14 0 0.05 4
14 0 1 5
14 50 0 5
14 50 0.05 5
14 50 1 5
14 150 0 5
14 150 0.05 5
14 150 1 5
15 0 0 4
15 0 0 5
15 0 0.05 4
15 0 1 4
15 50 0 5
15 50 0.05 5
15 50 1 4
15 150 0 5
15 150 0.05 5
15 150 1 5
16 0 0 2
16 0 0 2
16 0 0.05 2
16 0 1 3
16 50 0 1
16 50 0.05 3
16 50 1 1
16 150 0 1
16 150 0.05 1
16 150 1 1
17 0 0 4
17 0 0 4
17 0 0.05 4
17 0 1 4
17 50 0 1
17 50 0.05 1
17 50 1 1
17 150 0 1
17 150 0.05 1
17 150 1 3
18 0 0 3
18 0 0 3
18 0 0.05 3
18 0 1 3
18 50 0 3
18 50 0.05 3
18 50 1 1
18 150 0 1
18 150 0.05 2
18 150 1 1

20 0 0 4
20 0 0 5
20 0 0.05 5
20 0 1 4
20 50 0 4
20 50 0.05 5
20 50 1 5
20 150 0 2
20 150 0.05 2
20 150 1 4
21 0 0 3
21 0 0 3
21 0 0.05 2
21 0 1 1
21 50 0 2
21 50 0.05 2
21 50 1 1
21 150 0 3
21 150 0.05 3
21 150 1 3
22 0 0 3
22 0 0 3
22 0 0.05 3
22 0 1 3
22 50 0 3
22 50 0.05 1
22 50 1 2
22 150 0 2
22 150 0.05 2
22 150 1 2
23 0 0 5
23 0 0 5
23 0 0.05 4
23 0 1 3
23 50 0 3
23 50 0.05 2
23 50 1 1
23 150 0 1
23 150 0.05 2
23 150 1 2
24 0 0 3
24 0 0 4
24 0 0.05 2
24 0 1 2
24 50 0 1
24 50 0.05 1
24 50 1 2
24 150 0 3
24 150 0.05 2
24 150 1 1
25 0 0 3
25 0 0 4
25 0 0.05 4
25 0 1 4
25 50 0 2
25 50 0.05 3
25 50 1 4
25 150 0 4
25 150 0.05 4
25 150 1 4
26 0 0 4
26 0 0 4
26 0 0.05 4
26 0 1 1
26 50 0 2
26 50 0.05 2
26 50 1 4
26 150 0 3
26 150 0.05 3
26 150 1 2
27 0 0 5
27 0 0 5
27 0 0.05 5
27 0 1 3
27 50 0 2
27 50 0.05 4
27 50 1 1
27 150 0 3
27 150 0.05 4
27 150 1 4
28 0 0 4
28 0 0 4
28 0 0.05 3
28 0 1 3
28 50 0 4
28 50 0.05 4
28 50 1 4
28 150 0 4
28 150 0.05 4
28 150 1 4
29 0 0 3
29 0 0 3
29 0 0.05 5
29 0 1 5
29 50 0 4
29 50 0.05 4
29 50 1 3
29 150 0 3
29 150 0.05 2
29 150 1 1
1 0 0 5
1 0 0 5
1 0 0.05 3
1 0 1 3
1 50 0 3
1 50 0.05 3
1 50 1 2
1 150 0 1
1 150 0.05 1
1 150 1 1
4 0 0 2
4 0 0 1
4 0 0.05 1
8 0 0 5
8 0 0 4
8 0 0.05 4
8 0 1 4
8 50 0 4
8 50 0.05 4
8 50 1 4
8 150 0 4
8 150 0.05 4
8 150 1 4
9 0 0 5
9 0 0 5
9 0 0.05 5
9 0 1 5
9 50 0 5
9 50 0.05 5
9 50 1 5
9 150 0 5
9 150 0.05 5
9 150 1 2
10 0 0 4
10 0 0 4
10 0 0.05 4
10 0 1 4
10 50 0 3
10 50 0.05 4
10 50 1 4
10 150 0 4
10 150 0.05 4
10 150 1 2
11 0 0 5
11 0 0 5
11 0 0.05 5
11 0 1 5
11 50 0 5
11 50 0.05 5
11 50 1 5
11 150 0 5
11 150 0.05 5
11 150 1 5
12 0 0 3
12 0 0 4
12 0 0.05 4
12 0 1 4
12 50 0 4
12 50 0.05 4
12 50 1 4
12 150 0 4
12 150 0.05 4
12 150 1 4
13 0 0 4
13 0 0 3
13 0 0.05 4
13 0 1 4
13 50 0 3
13 50 0.05 2
13 50 1 2
13 150 0 3
13 150 0.05 3
13 150 1 2
14 0 0 5
14 0 0 5
14 0 0.05 5
14 0 1 1
14 50 0 2
14 50 0.05 1
14 50 1 1
14 150 0 4
14 150 0.05 5
14 150 1 2
15 0 0 5
15 0 0 4
15 0 0.05 4
15 0 1 3
15 50 0 4
15 50 0.05 3
15 50 1 3
15 150 0 3
15 150 0.05 3
15 150 1 3
16 0 0 1
16 0 0 3
16 0 0.05 2
16 0 1 1
16 50 0 2
16 50 0.05 3
16 50 1 2
16 150 0 3
16 150 0.05 3
16 150 1 2
17 0 0 5
17 0 0 5
17 0 0.05 5
17 0 1 5
17 50 0 5
17 50 0.05 5
17 50 1 5
17 150 0 5
17 150 0.05 5
17 150 1 5
18 0 0 5
18 0 0 5
18 0 0.05 3
18 0 1 4
18 50 0 2
18 50 0.05 4
18 50 1 4
18 150 0 5
18 150 0.05 4
18 150 1 4

